6c539169d3|4447|8|143|54
89f5e562e9|4203|2|344|27
09cd22ad64|4452|4|140|18
d40a0df698|4258|7|815|127
becfd9b97e|4502|4|4|540
de005b0997|4501|2|60|2
86ccb61ce9|4496|5|327|83
98bb8cb22f|4503|2|151|2
6fc67383a5|4205|5|121|22
2880c3aa9b|4159|14|380|194
ca3eae4df5|4510|1|3|
495b088b2d|4475|2||9
17914769be|4476|5|2|16
1400fa4481|4479|1|1|
ff0a47e80c|4431|2|11|11
0a51385e95|4519|4|28|23
dee8f54b9f|4302|13|170|122
983caa8409|4520|1|16|16
ec8652d9a0|4449|16|42|24
38b549d191|4455|9|877|109
9276183ad3|4505|2|9|5
eeb72c0348|4534|9|99|15
d6504709d6|4008|2|62|37
d64bcfc094|4516|1|102|62
7323f314aa|4456|10|238|80
fee11cb9ed|4531|2|9|10
0942d84516|4450|9|94|73
f15fa11229|4299|1|9|7
675965985c|4524|2|6|6
9ad40e5f77|4529|3|14|14
709676d64b|4451|6|158|34
5cf65b9241|4537|2|88|1
