9863 28.52 140.00
9607 28.43 140.00
12184 28.41 140.00
12151 28.06 140.00
15329 28.46 140.00
15809 28.37 140.00
15768 28.30 140.00
17449 28.02 140.00
17146 28.44 140.00
18863 28.01 140.00
18489 28.26 140.00
19099 28.34 140.00
19711 28.33 140.00
19605 28.24 140.00
20490 27.99 140.00
19167 28.42 140.00
20884 27.99 140.00
20402 28.23 140.00
20040 28.37 140.00
20788 28.31 140.00
21163 28.31 140.00
20202 28.35 140.00
21226 27.98 140.00
20755 28.21 140.00
21097 28.30 140.00
21261 27.98 140.00
20791 28.21 140.00
20276 28.32 140.00
20904 28.30 140.00
20685 28.21 140.00
20180 28.32 140.00
21058 27.97 140.00
9752 28.39 140.00
10317 28.31 140.00
12065 28.41 140.00
12322 27.89 140.00
15174 28.35 140.00
15717 28.37 140.00
16941 27.84 140.00
16713 28.24 140.00
18312 27.82 140.00
18370 28.34 140.00
18811 28.22 140.00
18304 28.31 140.00
18897 28.31 140.00
19886 27.81 140.00
19829 28.20 140.00
19848 28.32 140.00
20332 28.31 140.00
20662 27.79 140.00
20617 28.19 140.00
19951 28.29 140.00
20908 28.18 140.00
20766 28.30 140.00
20611 28.27 140.00
21051 27.79 140.00
21211 28.17 140.00
20655 28.27 140.00
20951 28.28 140.00
21330 27.81 140.00
21239 27.81 140.00
20467 28.26 140.00
20815 28.17 140.00
20653 28.27 140.00
9350 28.68 140.00
10738 28.73 140.00
11257 28.22 140.00
12802 28.27 140.00
15031 28.22 140.00
15564 28.10 140.00
16378 28.68 140.00
16881 28.61 140.00
17714 28.65 140.00
18231 28.07 140.00
18168 28.60 140.00
18869 28.17 140.00
19345 28.59 140.00
19251 28.57 140.00
19804 28.06 140.00
20610 28.16 140.00
20118 28.53 140.00
21013 28.16 140.00
20602 28.05 140.00
20408 28.55 140.00
20875 28.04 140.00
21097 28.15 140.00
20578 28.53 140.00
20849 28.48 140.00
21135 28.14 140.00
20626 28.51 140.00
20547 28.48 140.00
20909 28.02 140.00
21132 28.13 140.00
20449 28.46 140.00
20812 28.02 140.00
20431 28.49 140.00
10516 28.28 140.00
10279 28.47 140.00
11744 28.43 140.00
12463 28.34 140.00
15296 28.33 140.00
15375 28.32 140.00
16863 28.42 140.00
17465 28.42 140.00
18163 28.43 140.00
18918 28.41 140.00
18508 28.31 140.00
18572 28.27 140.00
20042 28.40 140.00
19766 28.46 140.00
19703 28.27 140.00
20176 28.30 140.00
20654 28.46 140.00
20738 28.39 140.00
20488 28.29 140.00
21040 28.26 140.00
20737 28.45 140.00
21291 28.38 140.00
21048 28.29 140.00
21112 28.26 140.00
21192 28.29 140.00
21249 28.25 140.00
21128 28.38 140.00
20717 28.44 140.00
20819 28.44 140.00
21026 28.38 140.00
20793 28.28 140.00
21052 28.25 140.00
9949 28.42 140.00
11141 28.18 140.00
9911 28.38 140.00
12280 28.03 140.00
15363 28.15 140.00
16116 28.36 140.00
16799 28.00 140.00
16974 28.32 140.00
18108 28.34 140.00
17844 28.13 140.00
19606 27.97 140.00
18992 28.31 140.00
20126 27.96 140.00
19500 28.30 140.00
19589 28.32 140.00
20076 28.11 140.00
20908 27.95 140.00
20274 28.28 140.00
20368 28.30 140.00
20885 28.09 140.00
21824 27.94 140.00
21162 28.09 140.00
20700 28.27 140.00
20821 28.29 140.00
21430 27.93 140.00
20965 28.28 140.00
20981 28.26 140.00
21275 28.08 140.00
20870 28.28 140.00
21058 28.08 140.00
21226 27.93 140.00
20686 28.25 140.00
9035 28.35 140.00
11334 28.36 140.00
10243 28.37 140.00
13250 28.26 140.00
15541 28.34 140.00
16280 28.18 140.00
16493 28.29 140.00
16572 28.33 140.00
18258 28.12 140.00
17774 28.28 140.00
18621 28.31 140.00
19486 28.26 140.00
19386 28.26 140.00
19704 28.30 140.00
20050 28.24 140.00
20311 28.09 140.00
20441 28.22 140.00
20476 28.27 140.00
21213 28.07 140.00
21028 28.18 140.00
20927 28.18 140.00
21385 28.07 140.00
20910 28.24 140.00
20671 28.19 140.00
21422 28.06 140.00
20804 28.18 140.00
20848 28.23 140.00
20878 28.16 140.00
20990 28.14 140.00
20746 28.21 140.00
21226 28.05 140.00
20598 28.13 140.00
8454 28.63 140.00
10957 28.34 140.00
12855 28.47 140.00
11993 28.38 140.00
15877 28.44 140.00
15962 28.29 140.00
16526 28.34 140.00
16513 28.54 140.00
18537 28.41 140.00
18692 28.27 140.00
18473 28.32 140.00
19366 28.51 140.00
19262 28.52 140.00
20157 28.39 140.00
20334 28.24 140.00
20836 28.30 140.00
20757 28.24 140.00
20959 28.38 140.00
20451 28.49 140.00
21045 28.29 140.00
21421 28.28 140.00
21031 28.37 140.00
21113 28.21 140.00
20920 28.48 140.00
20817 28.48 140.00
21310 28.36 140.00
21506 28.28 140.00
21306 28.20 140.00
21204 28.20 140.00
20721 28.46 140.00
21306 28.27 140.00
20912 28.34 140.00
9817 28.30 140.00
9817 28.26 140.00
10630 28.28 140.00
14451 28.11 140.00
16043 28.11 140.00
15969 28.30 140.00
15987 28.20 140.00
17171 28.27 140.00
18658 28.08 140.00
18571 28.26 140.00
18558 28.28 140.00
18604 28.18 140.00
19663 28.26 140.00
20216 28.06 140.00
20286 28.27 140.00
20351 28.16 140.00
20690 28.26 140.00
20335 28.25 140.00
20653 28.15 140.00
21402 28.04 140.00
20757 28.26 140.00
20867 28.24 140.00
21197 28.14 140.00
21497 28.03 140.00
20903 28.23 140.00
20919 28.26 140.00
21561 28.03 140.00
21050 28.13 140.00
21564 28.02 140.00
20733 28.25 140.00
20707 28.22 140.00
20859 28.13 140.00
8459 28.39 140.00
10807 28.24 140.00
12455 28.22 140.00
12587 28.35 140.00
15347 28.17 140.00
16524 28.19 140.00
17140 28.26 140.00
16347 28.32 140.00
18489 28.22 140.00
18459 28.14 140.00
18503 28.09 140.00
18329 28.30 140.00
20139 28.18 140.00
19533 28.29 140.00
20050 28.08 140.00
20091 28.04 140.00
19816 28.28 140.00
20813 28.15 140.00
20844 28.04 140.00
20888 28.01 140.00
20334 28.32 140.00
21016 28.03 140.00
21057 28.00 140.00
21150 28.12 140.00
21192 27.97 140.00
20499 28.30 140.00
21197 27.99 140.00
21087 28.12 140.00
20995 27.99 140.00
20301 28.30 140.00
20989 28.11 140.00
20889 27.96 140.00
8280 28.45 140.00
11311 28.41 140.00
10770 28.40 140.00
13496 28.33 140.00
15580 28.38 140.00
16606 28.32 140.00
16589 28.36 140.00
16228 28.36 140.00
18618 28.27 140.00
17853 28.34 140.00
18836 28.35 140.00
18210 28.34 140.00
20360 28.24 140.00
19977 28.34 140.00
19334 28.33 140.00
20055 28.33 140.00
20271 28.33 140.00
21062 28.20 140.00
20970 28.32 140.00
20655 28.31 140.00
20556 28.31 140.00
21154 28.31 140.00
21524 28.18 140.00
20975 28.31 140.00
21189 28.31 140.00
21566 28.17 140.00
20635 28.29 140.00
20918 28.31 140.00
20639 28.29 140.00
21370 28.17 140.00
20820 28.30 140.00
20888 28.30 140.00
