Time_Of_Day_Seconds	CPU	Busy%	Bzy_MHz
1788444746.952327	-	0.59	3093
1788444746.951765	151	0.39	2802
1788444746.951787	152	0.40	2783
1788444746.951806	153	0.40	2793
1788444746.951831	24	0.67	3250
1788444746.951851	25	0.45	2843
1788444746.951873	26	1.54	3755
1788444746.951902	27	2.09	3428
1788444746.951929	28	0.44	2746
1788444746.951951	29	0.40	2732
1788444746.951968	30	0.38	2595
1788444746.951990	31	0.62	3138
1788444746.952015	32	0.43	2740
1788444746.952032	33	0.40	2738
1788444746.952052	34	0.42	2763
1788444746.952071	35	1.61	3743
1788444746.952089	48	0.41	2751
1788444746.952108	49	0.40	2731
1788444746.952128	50	0.41	2727
1788444746.952147	51	0.41	2755
1788444746.952167	52	0.40	2746
1788444746.952186	53	0.41	2772
1788444746.952207	54	0.59	3089
1788444746.952234	55	0.43	2718
1788444746.952258	56	0.40	2718
1788444746.952287	57	0.43	2776
1788444746.952309	58	0.41	2725
1788444746.952327	59	0.50	2953
Time_Of_Day_Seconds	CPU	Busy%	Bzy_MHz
1788444747.953447	-	57.59	3699
1788444747.952484	151	51.38	3648
1788444747.952509	152	57.01	3692
1788444747.952531	153	57.01	3695
1788444747.952557	24	66.67	3757
1788444747.952580	25	66.67	3756
1788444747.952604	26	57.26	3699
1788444747.952627	27	57.26	3699
1788444747.952652	28	57.13	3698
1788444747.952674	29	57.22	3698
1788444747.952692	30	57.19	3698
1788444747.952712	31	57.09	3697
1788444747.952738	32	57.13	3694
1788444747.952761	33	57.09	3697
1788444747.952783	34	57.08	3692
1788444747.952808	35	57.04	3698
1788444747.952832	48	57.08	3691
1788444747.952854	49	57.05	3693
1788444747.952880	50	57.03	3695
1788444747.952906	51	57.06	3694
1788444747.952930	52	57.01	3695
1788444747.952954	53	57.10	3694
1788444747.952976	54	57.07	3696
1788444747.953004	55	57.03	3691
1788444747.953031	56	57.07	3694
1788444747.953056	57	57.11	3690
1788444747.953083	58	57.10	3694
1788444747.953447	59	57.11	3696
Time_Of_Day_Seconds	CPU	Busy%	Bzy_MHz
1788444749.009466	-	99.76	3597
1788444748.956451	151	99.76	3596
1788444748.959445	152	99.76	3592
1788444748.962451	153	99.76	3597
1788444748.964450	24	99.76	3598
1788444748.967445	25	99.76	3600
1788444748.969445	26	99.76	3596
1788444748.970444	27	99.76	3599
1788444748.973444	28	99.76	3599
1788444748.975444	29	99.76	3598
1788444748.976444	30	99.76	3597
1788444748.979446	31	99.76	3597
1788444748.982446	32	99.76	3596
1788444748.983444	33	99.76	3598
1788444748.986445	34	99.76	3594
1788444748.987444	35	99.76	3600
1788444748.989444	48	99.76	3596
1788444748.992447	49	99.76	3594
1788444748.993443	50	99.76	3596
1788444748.995444	51	99.76	3595
1788444748.998444	52	99.76	3596
1788444749.000446	53	99.76	3597
1788444749.001444	54	99.76	3595
1788444749.003442	55	99.76	3597
1788444749.006445	56	99.76	3597
1788444749.007446	57	99.76	3595
1788444749.009445	58	99.76	3596
1788444749.009466	59	99.76	3596
Time_Of_Day_Seconds	CPU	Busy%	Bzy_MHz
1788444750.010193	-	99.76	3597
1788444750.009633	151	99.76	3595
1788444750.009658	152	99.76	3594
1788444750.009678	153	99.76	3597
1788444750.009706	24	99.76	3599
1788444750.009727	25	99.76	3600
1788444750.009747	26	99.76	3599
1788444750.009767	27	99.76	3600
1788444750.009787	28	99.76	3600
1788444750.009807	29	99.76	3598
1788444750.009824	30	99.76	3597
1788444750.009841	31	99.76	3599
1788444750.009865	32	99.76	3598
1788444750.009885	33	99.76	3599
1788444750.009908	34	99.76	3595
1788444750.009932	35	99.76	3600
1788444750.009952	48	99.76	3594
1788444750.009971	49	99.76	3595
1788444750.009993	50	99.76	3597
1788444750.010015	51	99.76	3595
1788444750.010038	52	99.76	3597
1788444750.010063	53	99.76	3595
1788444750.010084	54	99.76	3596
1788444750.010104	55	99.76	3592
1788444750.010126	56	99.76	3597
1788444750.010150	57	99.76	3593
1788444750.010173	58	99.76	3598
1788444750.010193	59	99.76	3597
Time_Of_Day_Seconds	CPU	Busy%	Bzy_MHz
1788444751.011695	-	99.76	3597
1788444751.011157	151	99.76	3596
1788444751.011179	152	99.76	3595
1788444751.011197	153	99.76	3598
1788444751.011225	24	99.76	3597
1788444751.011245	25	99.76	3600
1788444751.011265	26	99.76	3598
1788444751.011285	27	99.76	3600
1788444751.011305	28	99.76	3599
1788444751.011323	29	99.76	3597
1788444751.011340	30	99.76	3598
1788444751.011360	31	99.76	3598
1788444751.011381	32	99.76	3596
1788444751.011400	33	99.76	3597
1788444751.011422	34	99.76	3597
1788444751.011446	35	99.76	3600
1788444751.011466	48	99.76	3596
1788444751.011484	49	99.76	3596
1788444751.011504	50	99.76	3598
1788444751.011526	51	99.76	3596
1788444751.011547	52	99.76	3598
1788444751.011569	53	99.76	3595
1788444751.011591	54	99.76	3596
1788444751.011611	55	99.76	3594
1788444751.011633	56	99.76	3598
1788444751.011654	57	99.76	3592
1788444751.011677	58	99.76	3598
1788444751.011695	59	99.76	3598
Time_Of_Day_Seconds	CPU	Busy%	Bzy_MHz
1788444752.012401	-	99.76	3597
1788444752.011862	151	99.76	3595
1788444752.011887	152	99.76	3594
1788444752.011908	153	99.76	3596
1788444752.011933	24	99.76	3599
1788444752.011950	25	99.76	3599
1788444752.011970	26	99.76	3597
1788444752.011990	27	99.76	3600
1788444752.012009	28	99.76	3599
1788444752.012030	29	99.76	3597
1788444752.012050	30	99.76	3598
1788444752.012067	31	99.76	3597
1788444752.012084	32	99.76	3597
1788444752.012104	33	99.76	3599
1788444752.012126	34	99.76	3594
1788444752.012147	35	99.76	3600
1788444752.012169	48	99.76	3594
1788444752.012189	49	99.76	3594
1788444752.012207	50	99.76	3596
1788444752.012229	51	99.76	3594
1788444752.012252	52	99.76	3597
1788444752.012275	53	99.76	3595
1788444752.012297	54	99.76	3595
1788444752.012319	55	99.76	3595
1788444752.012338	56	99.76	3596
1788444752.012361	57	99.76	3594
1788444752.012382	58	99.76	3598
1788444752.012401	59	99.76	3597
Time_Of_Day_Seconds	CPU	Busy%	Bzy_MHz
1788444753.014029	-	99.74	3597
1788444753.013478	151	99.74	3596
1788444753.013503	152	99.74	3593
1788444753.013525	153	99.74	3596
1788444753.013550	24	99.74	3598
1788444753.013569	25	99.75	3600
1788444753.013589	26	99.74	3595
1788444753.013609	27	99.74	3600
1788444753.013630	28	99.74	3599
1788444753.013650	29	99.74	3597
1788444753.013668	30	99.74	3594
1788444753.013686	31	99.74	3597
1788444753.013706	32	99.74	3597
1788444753.013726	33	99.74	3597
1788444753.013748	34	99.74	3596
1788444753.013768	35	99.74	3600
1788444753.013792	48	99.74	3595
1788444753.013810	49	99.75	3595
1788444753.013831	50	99.74	3597
1788444753.013854	51	99.74	3596
1788444753.013876	52	99.75	3597
1788444753.013900	53	99.74	3595
1788444753.013923	54	99.75	3595
1788444753.013942	55	99.74	3595
1788444753.013964	56	99.75	3598
1788444753.013987	57	99.74	3596
1788444753.014010	58	99.74	3597
1788444753.014029	59	99.74	3597
Time_Of_Day_Seconds	CPU	Busy%	Bzy_MHz
1788444754.014700	-	99.76	3596
1788444754.014184	151	99.76	3596
1788444754.014206	152	99.76	3592
1788444754.014227	153	99.76	3596
1788444754.014253	24	99.76	3597
1788444754.014271	25	99.76	3599
1788444754.014290	26	99.76	3593
1788444754.014309	27	99.76	3599
1788444754.014329	28	99.76	3597
1788444754.014348	29	99.76	3597
1788444754.014364	30	99.76	3595
1788444754.014382	31	99.76	3596
1788444754.014401	32	99.76	3592
1788444754.014422	33	99.76	3596
1788444754.014442	34	99.76	3596
1788444754.014461	35	99.76	3600
1788444754.014481	48	99.76	3594
1788444754.014501	49	99.76	3596
1788444754.014518	50	99.76	3597
1788444754.014539	51	99.76	3595
1788444754.014561	52	99.76	3597
1788444754.014582	53	99.76	3594
1788444754.014602	54	99.76	3595
1788444754.014623	55	99.76	3593
1788444754.014643	56	99.76	3597
1788444754.014661	57	99.76	3595
1788444754.014682	58	99.76	3596
1788444754.014700	59	99.76	3597
Time_Of_Day_Seconds	CPU	Busy%	Bzy_MHz
1788444755.016205	-	99.76	3596
1788444755.015656	151	99.76	3595
1788444755.015681	152	99.76	3592
1788444755.015701	153	99.76	3596
1788444755.015727	24	99.76	3599
1788444755.015745	25	99.76	3600
1788444755.015765	26	99.76	3595
1788444755.015785	27	99.76	3600
1788444755.015804	28	99.76	3599
1788444755.015825	29	99.76	3597
1788444755.015845	30	99.76	3595
1788444755.015861	31	99.76	3597
1788444755.015882	32	99.76	3596
1788444755.015903	33	99.76	3598
1788444755.015924	34	99.76	3594
1788444755.015943	35	99.76	3600
1788444755.015968	48	99.76	3593
1788444755.015988	49	99.76	3592
1788444755.016010	50	99.76	3596
1788444755.016033	51	99.76	3594
1788444755.016056	52	99.76	3595
1788444755.016079	53	99.76	3593
1788444755.016101	54	99.76	3594
1788444755.016121	55	99.76	3593
1788444755.016141	56	99.76	3597
1788444755.016163	57	99.76	3593
1788444755.016186	58	99.76	3596
1788444755.016205	59	99.76	3596
Time_Of_Day_Seconds	CPU	Busy%	Bzy_MHz
1788444756.016937	-	99.76	3596
1788444756.016368	151	99.76	3593
1788444756.016392	152	99.76	3590
1788444756.016411	153	99.76	3595
1788444756.016472	24	99.76	3598
1788444756.016492	25	99.76	3600
1788444756.016512	26	99.76	3597
1788444756.016530	27	99.76	3600
1788444756.016550	28	99.76	3599
1788444756.016569	29	99.76	3598
1788444756.016586	30	99.76	3595
1788444756.016605	31	99.76	3599
1788444756.016625	32	99.76	3595
1788444756.016645	33	99.76	3596
1788444756.016667	34	99.76	3593
1788444756.016686	35	99.76	3600
1788444756.016707	48	99.76	3592
1788444756.016725	49	99.76	3596
1788444756.016747	50	99.76	3596
1788444756.016769	51	99.76	3595
1788444756.016792	52	99.76	3595
1788444756.016814	53	99.76	3593
1788444756.016835	54	99.76	3593
1788444756.016854	55	99.76	3593
1788444756.016876	56	99.76	3596
1788444756.016898	57	99.76	3594
1788444756.016919	58	99.76	3597
1788444756.016937	59	99.76	3595
Time_Of_Day_Seconds	CPU	Busy%	Bzy_MHz
1788444756.448840	-	74.68	3595
1788444756.448202	151	74.76	3594
1788444756.448228	152	74.77	3589
1788444756.448252	153	74.75	3597
1788444756.448281	24	74.74	3597
1788444756.448303	25	74.72	3599
1788444756.448326	26	74.72	3595
1788444756.448349	27	74.70	3598
1788444756.448372	28	74.73	3599
1788444756.448394	29	74.72	3598
1788444756.448417	30	74.68	3594
1788444756.448467	31	74.68	3597
1788444756.448491	32	74.69	3596
1788444756.448514	33	74.67	3594
1788444756.448535	34	74.68	3593
1788444756.448558	35	74.67	3600
1788444756.448582	48	74.65	3592
1788444756.448606	49	74.66	3593
1788444756.448629	50	74.65	3597
1788444756.448653	51	74.64	3597
1788444756.448675	52	74.64	3596
1788444756.448700	53	74.65	3592
1788444756.448723	54	74.65	3594
1788444756.448746	55	74.62	3590
1788444756.448770	56	74.61	3595
1788444756.448793	57	74.62	3589
1788444756.448818	58	74.62	3595
1788444756.448840	59	74.62	3595
