Time_Of_Day_Seconds	CPU	Busy%	Bzy_MHz
1788444718.782201	-	0.41	2741
1788444718.781729	151	0.41	2812
1788444718.781747	152	0.41	2792
1788444718.781766	153	0.41	2803
1788444718.781789	24	0.41	2712
1788444718.781807	25	0.43	2814
1788444718.781825	26	0.43	2734
1788444718.781842	27	0.41	2715
1788444718.781861	28	0.41	2730
1788444718.781880	29	0.41	2734
1788444718.781898	30	0.39	2592
1788444718.781915	31	0.40	2712
1788444718.781933	32	0.41	2709
1788444718.781951	33	0.40	2732
1788444718.781968	34	0.41	2715
1788444718.781987	35	0.41	2715
1788444718.782005	48	0.41	2745
1788444718.782023	49	0.40	2711
1788444718.782041	50	0.40	2709
1788444718.782058	51	0.41	2744
1788444718.782076	52	0.40	2720
1788444718.782093	53	0.40	2739
1788444718.782111	54	0.41	2759
1788444718.782130	55	0.41	2724
1788444718.782148	56	0.40	2706
1788444718.782165	57	0.41	2749
1788444718.782184	58	0.44	2723
1788444718.782201	59	0.50	2906
Time_Of_Day_Seconds	CPU	Busy%	Bzy_MHz
1788444719.783443	-	57.28	3923
1788444719.782357	151	56.84	3925
1788444719.782385	152	56.86	3920
1788444719.782408	153	56.86	3919
1788444719.782474	24	65.93	3950
1788444719.782494	25	56.98	3926
1788444719.782513	26	56.98	3916
1788444719.782533	27	57.03	3926
1788444719.782552	28	56.96	3924
1788444719.782572	29	56.99	3923
1788444719.782592	30	56.91	3924
1788444719.782612	31	57.00	3921
1788444719.782633	32	56.95	3918
1788444719.782656	33	56.96	3923
1788444719.782676	34	56.89	3920
1788444719.782695	35	56.96	3925
1788444719.782717	48	56.93	3922
1788444719.782741	49	56.90	3924
1788444719.782763	50	57.01	3919
1788444719.782787	51	57.00	3922
1788444719.782811	52	56.99	3922
1788444719.782834	53	56.95	3922
1788444719.782856	54	56.97	3918
1788444719.782879	55	56.96	3924
1788444719.782904	56	56.96	3920
1788444719.782928	57	56.95	3922
1788444719.782951	58	56.88	3920
1788444719.783443	59	56.95	3921
Time_Of_Day_Seconds	CPU	Busy%	Bzy_MHz
1788444720.846462	-	99.76	3892
1788444720.786445	151	99.76	3890
1788444720.789445	152	99.76	3887
1788444720.792443	153	99.76	3889
1788444720.793444	24	99.76	3898
1788444720.796444	25	99.76	3898
1788444720.799444	26	99.76	3886
1788444720.802445	27	99.76	3898
1788444720.804443	28	99.76	3898
1788444720.807441	29	99.76	3889
1788444720.810444	30	99.76	3891
1788444720.812442	31	99.76	3886
1788444720.815443	32	99.76	3889
1788444720.818442	33	99.76	3892
1788444720.821441	34	99.76	3893
1788444720.822442	35	99.76	3897
1788444720.824442	48	99.76	3889
1788444720.827443	49	99.76	3893
1788444720.830441	50	99.76	3888
1788444720.831442	51	99.76	3894
1788444720.834441	52	99.76	3895
1788444720.836439	53	99.76	3894
1788444720.837440	54	99.76	3890
1788444720.839442	55	99.76	3889
1788444720.842442	56	99.76	3887
1788444720.845441	57	99.76	3893
1788444720.846442	58	99.76	3892
1788444720.846462	59	99.76	3894
Time_Of_Day_Seconds	CPU	Busy%	Bzy_MHz
1788444721.847092	-	99.76	3892
1788444721.846608	151	99.76	3889
1788444721.846629	152	99.76	3887
1788444721.846647	153	99.76	3890
1788444721.846672	24	99.76	3899
1788444721.846688	25	99.76	3899
1788444721.846705	26	99.76	3893
1788444721.846723	27	99.76	3898
1788444721.846740	28	99.76	3898
1788444721.846758	29	99.76	3888
1788444721.846773	30	99.76	3892
1788444721.846789	31	99.76	3888
1788444721.846804	32	99.76	3887
1788444721.846822	33	99.76	3890
1788444721.846839	34	99.76	3894
1788444721.846856	35	99.76	3898
1788444721.846876	48	99.76	3897
1788444721.846895	49	99.76	3893
1788444721.846913	50	99.76	3888
1788444721.846933	51	99.76	3893
1788444721.846952	52	99.76	3894
1788444721.846970	53	99.76	3895
1788444721.846992	54	99.76	3891
1788444721.847010	55	99.76	3891
1788444721.847029	56	99.76	3887
1788444721.847053	57	99.76	3891
1788444721.847072	58	99.76	3892
1788444721.847092	59	99.76	3893
Time_Of_Day_Seconds	CPU	Busy%	Bzy_MHz
1788444722.848777	-	99.76	3892
1788444722.848251	151	99.76	3889
1788444722.848273	152	99.76	3887
1788444722.848292	153	99.76	3890
1788444722.848321	24	99.76	3899
1788444722.848340	25	99.76	3898
1788444722.848358	26	99.76	3887
1788444722.848375	27	99.76	3898
1788444722.848391	28	99.76	3899
1788444722.848410	29	99.76	3889
1788444722.848426	30	99.76	3891
1788444722.848474	31	99.76	3889
1788444722.848491	32	99.76	3889
1788444722.848509	33	99.76	3885
1788444722.848528	34	99.76	3893
1788444722.848544	35	99.76	3898
1788444722.848568	48	99.76	3891
1788444722.848587	49	99.76	3894
1788444722.848604	50	99.76	3888
1788444722.848621	51	99.76	3894
1788444722.848640	52	99.76	3895
1788444722.848659	53	99.76	3896
1788444722.848680	54	99.76	3889
1788444722.848701	55	99.76	3892
1788444722.848723	56	99.76	3888
1788444722.848744	57	99.76	3892
1788444722.848762	58	99.76	3893
1788444722.848777	59	99.76	3892
Time_Of_Day_Seconds	CPU	Busy%	Bzy_MHz
1788444723.849466	-	99.76	3893
1788444723.848948	151	99.76	3891
1788444723.848972	152	99.76	3887
1788444723.848991	153	99.76	3890
1788444723.849019	24	99.76	3899
1788444723.849035	25	99.76	3898
1788444723.849051	26	99.76	3889
1788444723.849068	27	99.76	3897
1788444723.849088	28	99.76	3898
1788444723.849105	29	99.76	3896
1788444723.849121	30	99.76	3892
1788444723.849139	31	99.76	3894
1788444723.849155	32	99.76	3888
1788444723.849172	33	99.76	3889
1788444723.849192	34	99.76	3893
1788444723.849209	35	99.76	3898
1788444723.849228	48	99.76	3893
1788444723.849247	49	99.76	3893
1788444723.849265	50	99.76	3889
1788444723.849285	51	99.76	3893
1788444723.849303	52	99.76	3894
1788444723.849321	53	99.76	3893
1788444723.849340	54	99.76	3890
1788444723.849358	55	99.76	3895
1788444723.849377	56	99.76	3887
1788444723.849396	57	99.76	3893
1788444723.849415	58	99.76	3894
1788444723.849466	59	99.76	3892
Time_Of_Day_Seconds	CPU	Busy%	Bzy_MHz
1788444724.850990	-	99.75	3893
1788444724.850529	151	99.76	3890
1788444724.850549	152	99.75	3888
1788444724.850568	153	99.75	3889
1788444724.850593	24	99.75	3899
1788444724.850609	25	99.75	3899
1788444724.850627	26	99.75	3894
1788444724.850644	27	99.75	3898
1788444724.850661	28	99.74	3899
1788444724.850676	29	99.75	3892
1788444724.850692	30	99.75	3888
1788444724.850708	31	99.74	3887
1788444724.850723	32	99.75	3889
1788444724.850739	33	99.75	3892
1788444724.850756	34	99.74	3895
1788444724.850772	35	99.74	3898
1788444724.850791	48	99.75	3891
1788444724.850810	49	99.75	3894
1788444724.850829	50	99.74	3887
1788444724.850846	51	99.75	3893
1788444724.850865	52	99.74	3895
1788444724.850883	53	99.74	3895
1788444724.850899	54	99.75	3891
1788444724.850917	55	99.75	3889
1788444724.850937	56	99.75	3887
1788444724.850955	57	99.75	3893
1788444724.850973	58	99.74	3894
1788444724.850990	59	99.75	3892
Time_Of_Day_Seconds	CPU	Busy%	Bzy_MHz
1788444725.851599	-	99.76	3893
1788444725.851143	151	99.76	3891
1788444725.851171	152	99.76	3889
1788444725.851191	153	99.76	3889
1788444725.851215	24	99.76	3899
1788444725.851230	25	99.76	3899
1788444725.851244	26	99.76	3889
1788444725.851260	27	99.76	3898
1788444725.851276	28	99.76	3899
1788444725.851293	29	99.76	3890
1788444725.851309	30	99.76	3888
1788444725.851326	31	99.76	3889
1788444725.851342	32	99.76	3890
1788444725.851359	33	99.76	3888
1788444725.851375	34	99.76	3895
1788444725.851390	35	99.76	3899
1788444725.851407	48	99.76	3891
1788444725.851422	49	99.76	3895
1788444725.851442	50	99.76	3889
1788444725.851460	51	99.76	3895
1788444725.851478	52	99.76	3896
1788444725.851496	53	99.76	3896
1788444725.851513	54	99.76	3891
1788444725.851531	55	99.76	3890
1788444725.851548	56	99.76	3887
1788444725.851566	57	99.76	3892
1788444725.851583	58	99.76	3896
1788444725.851599	59	99.76	3893
Time_Of_Day_Seconds	CPU	Busy%	Bzy_MHz
1788444726.853094	-	99.76	3892
1788444726.852668	151	99.76	3890
1788444726.852689	152	99.76	3889
1788444726.852706	153	99.76	3889
1788444726.852730	24	99.76	3899
1788444726.852745	25	99.76	3899
1788444726.852759	26	99.76	3887
1788444726.852774	27	99.76	3899
1788444726.852789	28	99.76	3899
1788444726.852804	29	99.76	3886
1788444726.852818	30	99.76	3889
1788444726.852832	31	99.76	3885
1788444726.852847	32	99.76	3891
1788444726.852863	33	99.76	3886
1788444726.852880	34	99.76	3896
1788444726.852894	35	99.76	3899
1788444726.852911	48	99.76	3888
1788444726.852927	49	99.76	3895
1788444726.852942	50	99.76	3890
1788444726.852957	51	99.76	3895
1788444726.852975	52	99.76	3896
1788444726.852992	53	99.76	3895
1788444726.853009	54	99.76	3893
1788444726.853026	55	99.76	3890
1788444726.853043	56	99.76	3887
1788444726.853061	57	99.76	3895
1788444726.853079	58	99.76	3893
1788444726.853094	59	99.76	3894
Time_Of_Day_Seconds	CPU	Busy%	Bzy_MHz
1788444727.853726	-	99.76	3892
1788444727.853248	151	99.76	3891
1788444727.853271	152	99.76	3886
1788444727.853287	153	99.76	3888
1788444727.853312	24	99.76	3898
1788444727.853328	25	99.76	3899
1788444727.853344	26	99.76	3890
1788444727.853359	27	99.76	3897
1788444727.853376	28	99.76	3898
1788444727.853392	29	99.76	3890
1788444727.853411	30	99.76	3889
1788444727.853460	31	99.76	3887
1788444727.853475	32	99.76	3887
1788444727.853489	33	99.76	3888
1788444727.853503	34	99.76	3894
1788444727.853519	35	99.76	3898
1788444727.853538	48	99.76	3889
1788444727.853554	49	99.76	3894
1788444727.853572	50	99.76	3890
1788444727.853589	51	99.76	3893
1788444727.853607	52	99.76	3894
1788444727.853625	53	99.76	3894
1788444727.853643	54	99.76	3891
1788444727.853659	55	99.76	3889
1788444727.853676	56	99.76	3889
1788444727.853693	57	99.76	3893
1788444727.853711	58	99.76	3893
1788444727.853726	59	99.76	3894
Time_Of_Day_Seconds	CPU	Busy%	Bzy_MHz
1788444728.855233	-	99.76	3893
1788444728.854784	151	99.76	3890
1788444728.854808	152	99.76	3887
1788444728.854824	153	99.76	3889
1788444728.854854	24	99.76	3899
1788444728.854872	25	99.76	3899
1788444728.854887	26	99.76	3889
1788444728.854904	27	99.76	3899
1788444728.854921	28	99.76	3899
1788444728.854936	29	99.76	3893
1788444728.854950	30	99.76	3886
1788444728.854963	31	99.76	3890
1788444728.854978	32	99.76	3889
1788444728.854994	33	99.76	3887
1788444728.855009	34	99.76	3896
1788444728.855024	35	99.76	3900
1788444728.855041	48	99.76	3890
1788444728.855056	49	99.76	3895
1788444728.855074	50	99.76	3886
1788444728.855090	51	99.76	3895
1788444728.855106	52	99.76	3897
1788444728.855122	53	99.76	3896
1788444728.855139	54	99.76	3894
1788444728.855155	55	99.76	3892
1788444728.855174	56	99.76	3887
1788444728.855195	57	99.76	3895
1788444728.855216	58	99.76	3894
1788444728.855233	59	99.76	3895
Time_Of_Day_Seconds	CPU	Busy%	Bzy_MHz
1788444729.813026	-	88.78	3892
1788444729.812483	151	88.80	3890
1788444729.812507	152	88.80	3889
1788444729.812533	153	88.80	3887
1788444729.812562	24	88.80	3898
1788444729.812583	25	88.80	3898
1788444729.812603	26	88.79	3886
1788444729.812623	27	88.79	3896
1788444729.812644	28	88.79	3898
1788444729.812664	29	88.79	3890
1788444729.812683	30	88.79	3893
1788444729.812702	31	88.78	3890
1788444729.812722	32	88.78	3887
1788444729.812741	33	88.78	3886
1788444729.812760	34	88.78	3894
1788444729.812780	35	88.77	3898
1788444729.812801	48	88.77	3895
1788444729.812821	49	88.77	3893
1788444729.812841	50	88.77	3893
1788444729.812862	51	88.77	3893
1788444729.812883	52	88.76	3894
1788444729.812903	53	88.77	3894
1788444729.812924	54	88.78	3890
1788444729.812945	55	88.76	3889
1788444729.812965	56	88.76	3886
1788444729.812985	57	88.76	3893
1788444729.813006	58	88.76	3893
1788444729.813026	59	88.76	3893
