Time_Of_Day_Seconds	CPU	Busy%	Bzy_MHz
1788444825.968161	-	0.42	2766
1788444825.967670	151	0.42	2803
1788444825.967687	152	0.42	2776
1788444825.967706	153	0.42	2820
1788444825.967754	24	0.64	3132
1788444825.967774	25	0.42	2788
1788444825.967791	26	0.41	2727
1788444825.967808	27	0.41	2713
1788444825.967827	28	0.43	2737
1788444825.967844	29	0.41	2727
1788444825.967862	30	0.39	2599
1788444825.967879	31	0.40	2717
1788444825.967897	32	0.41	2710
1788444825.967914	33	0.41	2736
1788444825.967930	34	0.41	2709
1788444825.967948	35	0.41	2715
1788444825.967966	48	0.41	2738
1788444825.967984	49	0.40	2716
1788444825.968001	50	0.41	2714
1788444825.968020	51	0.42	2739
1788444825.968038	52	0.41	2721
1788444825.968055	53	0.41	2738
1788444825.968072	54	0.41	2759
1788444825.968089	55	0.41	2717
1788444825.968106	56	0.41	2706
1788444825.968124	57	0.41	2752
1788444825.968142	58	0.42	2711
1788444825.968161	59	0.53	2985
Time_Of_Day_Seconds	CPU	Busy%	Bzy_MHz
1788444826.971437	-	57.23	3889
1788444826.968298	151	56.77	3890
1788444826.968314	152	56.77	3888
1788444826.968330	153	56.79	3892
1788444826.968350	24	67.02	3923
1788444826.968367	25	56.89	3887
1788444826.968380	26	56.91	3889
1788444826.968395	27	56.89	3886
1788444826.968408	28	56.89	3890
1788444826.968423	29	56.88	3885
1788444826.968439	30	56.88	3890
1788444826.968452	31	56.88	3884
1788444826.968464	32	56.86	3888
1788444826.968477	33	56.86	3885
1788444826.968489	34	56.88	3889
1788444826.968500	35	56.85	3886
1788444826.968514	48	56.85	3890
1788444826.968527	49	56.85	3885
1788444826.968540	50	56.87	3889
1788444826.968555	51	56.85	3888
1788444826.968567	52	56.85	3891
1788444826.968581	53	56.84	3887
1788444826.968594	54	56.85	3890
1788444826.968606	55	56.83	3885
1788444826.968620	56	56.84	3889
1788444826.968635	57	56.82	3888
1788444826.968649	58	56.84	3889
1788444826.971437	59	56.97	3885
Time_Of_Day_Seconds	CPU	Busy%	Bzy_MHz
1788444828.033451	-	99.76	3892
1788444827.973441	151	99.76	3896
1788444827.976437	152	99.76	3894
1788444827.979437	153	99.76	3895
1788444827.982442	24	99.76	3895
1788444827.985437	25	99.76	3890
1788444827.987439	26	99.76	3893
1788444827.988436	27	99.76	3892
1788444827.991436	28	99.76	3894
1788444827.994437	29	99.76	3889
1788444827.994450	30	99.76	3894
1788444827.996438	31	99.76	3890
1788444827.997441	32	99.76	3894
1788444828.000437	33	99.76	3889
1788444828.002438	34	99.76	3894
1788444828.003438	35	99.76	3891
1788444828.006436	48	99.76	3893
1788444828.009438	49	99.76	3890
1788444828.011436	50	99.76	3893
1788444828.012438	51	99.76	3888
1788444828.015437	52	99.76	3894
1788444828.018437	53	99.76	3892
1788444828.021436	54	99.76	3894
1788444828.024440	55	99.76	3890
1788444828.027440	56	99.76	3893
1788444828.030438	57	99.76	3891
1788444828.033440	58	99.76	3893
1788444828.033451	59	99.76	3890
Time_Of_Day_Seconds	CPU	Busy%	Bzy_MHz
1788444829.033855	-	99.75	3894
1788444829.033546	151	99.75	3895
1788444829.033559	152	99.75	3895
1788444829.033573	153	99.75	3896
1788444829.033590	24	99.75	3895
1788444829.033601	25	99.75	3893
1788444829.033613	26	99.75	3895
1788444829.033624	27	99.75	3894
1788444829.033636	28	99.75	3895
1788444829.033647	29	99.75	3892
1788444829.033658	30	99.76	3896
1788444829.033670	31	99.75	3893
1788444829.033680	32	99.75	3895
1788444829.033692	33	99.75	3892
1788444829.033704	34	99.75	3896
1788444829.033715	35	99.75	3893
1788444829.033728	48	99.75	3895
1788444829.033740	49	99.75	3893
1788444829.033751	50	99.75	3895
1788444829.033762	51	99.75	3893
1788444829.033774	52	99.75	3895
1788444829.033786	53	99.75	3893
1788444829.033797	54	99.75	3896
1788444829.033809	55	99.75	3893
1788444829.033821	56	99.75	3896
1788444829.033833	57	99.75	3894
1788444829.033844	58	99.75	3896
1788444829.033855	59	99.75	3893
Time_Of_Day_Seconds	CPU	Busy%	Bzy_MHz
1788444830.034719	-	99.76	3896
1788444830.034443	151	99.76	3897
1788444830.034454	152	99.76	3897
1788444830.034467	153	99.76	3897
1788444830.034483	24	99.76	3896
1788444830.034493	25	99.76	3895
1788444830.034503	26	99.76	3897
1788444830.034512	27	99.76	3896
1788444830.034524	28	99.76	3897
1788444830.034534	29	99.76	3895
1788444830.034543	30	99.76	3897
1788444830.034554	31	99.76	3894
1788444830.034563	32	99.76	3897
1788444830.034574	33	99.76	3896
1788444830.034583	34	99.76	3897
1788444830.034592	35	99.76	3894
1788444830.034602	48	99.76	3897
1788444830.034613	49	99.76	3895
1788444830.034623	50	99.76	3897
1788444830.034635	51	99.76	3895
1788444830.034645	52	99.76	3897
1788444830.034656	53	99.76	3895
1788444830.034666	54	99.76	3897
1788444830.034676	55	99.76	3894
1788444830.034687	56	99.76	3897
1788444830.034697	57	99.76	3895
1788444830.034708	58	99.76	3897
1788444830.034719	59	99.76	3895
Time_Of_Day_Seconds	CPU	Busy%	Bzy_MHz
1788444831.035099	-	99.76	3895
1788444831.034814	151	99.76	3896
1788444831.034826	152	99.76	3895
1788444831.034838	153	99.76	3896
1788444831.034853	24	99.76	3896
1788444831.034864	25	99.76	3894
1788444831.034875	26	99.76	3896
1788444831.034885	27	99.76	3893
1788444831.034897	28	99.76	3896
1788444831.034907	29	99.76	3893
1788444831.034917	30	99.76	3895
1788444831.034927	31	99.76	3893
1788444831.034938	32	99.76	3896
1788444831.034949	33	99.76	3894
1788444831.034959	34	99.76	3895
1788444831.034969	35	99.76	3893
1788444831.034980	48	99.76	3895
1788444831.034991	49	99.76	3893
1788444831.035000	50	99.76	3895
1788444831.035011	51	99.76	3894
1788444831.035023	52	99.76	3895
1788444831.035034	53	99.76	3895
1788444831.035045	54	99.76	3896
1788444831.035056	55	99.76	3893
1788444831.035067	56	99.76	3894
1788444831.035077	57	99.76	3894
1788444831.035088	58	99.76	3896
1788444831.035099	59	99.76	3894
Time_Of_Day_Seconds	CPU	Busy%	Bzy_MHz
1788444832.036002	-	99.68	3896
1788444832.035710	151	99.67	3897
1788444832.035722	152	99.68	3896
1788444832.035735	153	99.68	3896
1788444832.035750	24	99.68	3896
1788444832.035762	25	99.65	3896
1788444832.035772	26	99.68	3897
1788444832.035783	27	99.74	3896
1788444832.035794	28	99.69	3896
1788444832.035804	29	99.71	3894
1788444832.035816	30	99.66	3896
1788444832.035825	31	99.65	3895
1788444832.035835	32	99.70	3896
1788444832.035846	33	99.66	3894
1788444832.035859	34	99.66	3896
1788444832.035868	35	99.66	3893
1788444832.035878	48	99.69	3897
1788444832.035890	49	99.72	3895
1788444832.035903	50	99.66	3896
1788444832.035912	51	99.70	3895
1788444832.035924	52	99.65	3896
1788444832.035934	53	99.67	3895
1788444832.035944	54	99.70	3897
1788444832.035957	55	99.70	3893
1788444832.035969	56	99.70	3897
1788444832.035981	57	99.66	3895
1788444832.035992	58	99.65	3898
1788444832.036002	59	99.68	3894
Time_Of_Day_Seconds	CPU	Busy%	Bzy_MHz
1788444833.036380	-	99.76	3896
1788444833.036096	151	99.76	3897
1788444833.036108	152	99.76	3896
1788444833.036121	153	99.76	3897
1788444833.036136	24	99.76	3897
1788444833.036148	25	99.76	3894
1788444833.036159	26	99.76	3898
1788444833.036169	27	99.76	3895
1788444833.036181	28	99.76	3896
1788444833.036191	29	99.76	3894
1788444833.036200	30	99.76	3896
1788444833.036210	31	99.76	3894
1788444833.036220	32	99.76	3897
1788444833.036230	33	99.76	3894
1788444833.036241	34	99.76	3896
1788444833.036251	35	99.76	3895
1788444833.036262	48	99.76	3898
1788444833.036273	49	99.76	3894
1788444833.036284	50	99.76	3897
1788444833.036294	51	99.76	3897
1788444833.036304	52	99.76	3897
1788444833.036315	53	99.76	3896
1788444833.036326	54	99.76	3897
1788444833.036337	55	99.76	3894
1788444833.036348	56	99.76	3896
1788444833.036359	57	99.76	3897
1788444833.036370	58	99.76	3896
1788444833.036380	59	99.76	3893
Time_Of_Day_Seconds	CPU	Busy%	Bzy_MHz
1788444834.037552	-	99.76	3895
1788444834.037274	151	99.76	3897
1788444834.037288	152	99.76	3896
1788444834.037300	153	99.76	3896
1788444834.037315	24	99.76	3897
1788444834.037325	25	99.76	3895
1788444834.037336	26	99.76	3896
1788444834.037346	27	99.76	3895
1788444834.037356	28	99.76	3896
1788444834.037366	29	99.76	3896
1788444834.037376	30	99.76	3896
1788444834.037386	31	99.76	3894
1788444834.037394	32	99.76	3896
1788444834.037404	33	99.76	3893
1788444834.037415	34	99.76	3896
1788444834.037423	35	99.76	3894
1788444834.037437	48	99.76	3896
1788444834.037447	49	99.76	3893
1788444834.037457	50	99.76	3896
1788444834.037467	51	99.76	3893
1788444834.037477	52	99.76	3896
1788444834.037488	53	99.76	3895
1788444834.037498	54	99.76	3897
1788444834.037508	55	99.76	3893
1788444834.037519	56	99.76	3896
1788444834.037531	57	99.76	3895
1788444834.037542	58	99.76	3896
1788444834.037552	59	99.76	3895
Time_Of_Day_Seconds	CPU	Busy%	Bzy_MHz
1788444835.037921	-	99.76	3896
1788444835.037643	151	99.76	3898
1788444835.037653	152	99.76	3897
1788444835.037666	153	99.76	3897
1788444835.037680	24	99.76	3897
1788444835.037691	25	99.76	3896
1788444835.037702	26	99.76	3897
1788444835.037712	27	99.76	3896
1788444835.037723	28	99.76	3897
1788444835.037733	29	99.76	3895
1788444835.037743	30	99.76	3897
1788444835.037754	31	99.76	3895
1788444835.037764	32	99.76	3897
1788444835.037774	33	99.76	3895
1788444835.037784	34	99.76	3897
1788444835.037793	35	99.76	3896
1788444835.037804	48	99.76	3897
1788444835.037815	49	99.76	3895
1788444835.037825	50	99.76	3897
1788444835.037836	51	99.76	3896
1788444835.037847	52	99.76	3897
1788444835.037857	53	99.76	3896
1788444835.037867	54	99.76	3897
1788444835.037878	55	99.76	3895
1788444835.037889	56	99.76	3897
1788444835.037899	57	99.76	3896
1788444835.037910	58	99.76	3897
1788444835.037921	59	99.76	3895
Time_Of_Day_Seconds	CPU	Busy%	Bzy_MHz
1788444836.039618	-	99.76	3896
1788444836.038511	151	99.76	3897
1788444836.038523	152	99.76	3897
1788444836.038535	153	99.76	3897
1788444836.038550	24	99.76	3897
1788444836.038560	25	99.76	3896
1788444836.038570	26	99.76	3897
1788444836.038581	27	99.76	3895
1788444836.038591	28	99.76	3897
1788444836.038600	29	99.76	3894
1788444836.039436	30	99.76	3897
1788444836.039446	31	99.76	3895
1788444836.039455	32	99.76	3897
1788444836.039465	33	99.76	3894
1788444836.039477	34	99.76	3896
1788444836.039487	35	99.76	3895
1788444836.039498	48	99.76	3897
1788444836.039509	49	99.76	3895
1788444836.039519	50	99.76	3897
1788444836.039528	51	99.76	3895
1788444836.039539	52	99.76	3896
1788444836.039551	53	99.76	3896
1788444836.039561	54	99.76	3897
1788444836.039574	55	99.76	3895
1788444836.039586	56	99.76	3897
1788444836.039596	57	99.76	3895
1788444836.039606	58	99.76	3897
1788444836.039618	59	99.76	3894
Time_Of_Day_Seconds	CPU	Busy%	Bzy_MHz
1788444837.040111	-	99.70	3894
1788444837.039708	151	99.70	3897
1788444837.039723	152	99.75	3895
1788444837.039737	153	99.72	3897
1788444837.039755	24	99.71	3895
1788444837.039773	25	99.68	3891
1788444837.039792	26	99.70	3897
1788444837.039810	27	99.67	3894
1788444837.039828	28	99.66	3893
1788444837.039845	29	99.71	3890
1788444837.039859	30	99.69	3894
1788444837.039876	31	99.68	3893
1788444837.039893	32	99.72	3895
1788444837.039910	33	99.69	3889
1788444837.039930	34	99.70	3895
1788444837.039946	35	99.67	3892
1788444837.039961	48	99.71	3894
1788444837.039975	49	99.75	3892
1788444837.039987	50	99.71	3896
1788444837.040001	51	99.70	3894
1788444837.040018	52	99.68	3895
1788444837.040031	53	99.76	3894
1788444837.040044	54	99.67	3895
1788444837.040059	55	99.70	3892
1788444837.040073	56	99.75	3897
1788444837.040086	57	99.69	3893
1788444837.040100	58	99.70	3895
1788444837.040111	59	99.69	3892
Time_Of_Day_Seconds	CPU	Busy%	Bzy_MHz
1788444838.041052	-	99.76	3896
1788444838.040767	151	99.76	3897
1788444838.040780	152	99.76	3897
1788444838.040792	153	99.76	3896
1788444838.040808	24	99.76	3896
1788444838.040821	25	99.76	3894
1788444838.040831	26	99.76	3897
1788444838.040841	27	99.76	3895
1788444838.040852	28	99.76	3896
1788444838.040863	29	99.76	3895
1788444838.040873	30	99.76	3896
1788444838.040883	31	99.76	3896
1788444838.040894	32	99.76	3897
1788444838.040904	33	99.76	3894
1788444838.040913	34	99.76	3897
1788444838.040924	35	99.76	3896
1788444838.040935	48	99.76	3897
1788444838.040946	49	99.76	3896
1788444838.040956	50	99.76	3896
1788444838.040967	51	99.76	3896
1788444838.040977	52	99.76	3896
1788444838.040987	53	99.76	3895
1788444838.040998	54	99.76	3897
1788444838.041008	55	99.76	3895
1788444838.041020	56	99.76	3896
1788444838.041031	57	99.76	3896
1788444838.041042	58	99.76	3896
1788444838.041052	59	99.76	3894
Time_Of_Day_Seconds	CPU	Busy%	Bzy_MHz
1788444838.379086	-	66.96	3893
1788444838.378564	151	67.00	3896
1788444838.378583	152	67.01	3895
1788444838.378604	153	67.00	3893
1788444838.378628	24	67.01	3893
1788444838.378649	25	66.98	3891
1788444838.378669	26	66.96	3894
1788444838.378687	27	66.98	3891
1788444838.378706	28	66.98	3893
1788444838.378725	29	67.00	3891
1788444838.378742	30	66.95	3893
1788444838.378760	31	66.98	3890
1788444838.378779	32	66.98	3894
1788444838.378798	33	66.96	3891
1788444838.378817	34	66.95	3895
1788444838.378835	35	66.96	3891
1788444838.378855	48	66.96	3894
1788444838.378873	49	66.96	3891
1788444838.378891	50	66.92	3894
1788444838.378910	51	66.95	3891
1788444838.378929	52	66.96	3894
1788444838.378948	53	66.92	3891
1788444838.378967	54	66.91	3894
1788444838.378986	55	66.92	3892
1788444838.379005	56	66.88	3894
1788444838.379025	57	66.92	3892
1788444838.379065	58	66.90	3894
1788444838.379086	59	66.92	3891
