Time_Of_Day_Seconds	CPU	Busy%	Bzy_MHz
1788444640.493333	-	0.42	2750
1788444640.492844	151	0.41	2801
1788444640.492862	152	0.42	2780
1788444640.492880	153	0.41	2792
1788444640.492903	24	0.45	2743
1788444640.492922	25	0.41	2790
1788444640.492938	26	0.40	2726
1788444640.492955	27	0.40	2713
1788444640.492973	28	0.40	2719
1788444640.492990	29	0.41	2727
1788444640.493007	30	0.38	2602
1788444640.493026	31	0.40	2712
1788444640.493047	32	0.41	2699
1788444640.493065	33	0.40	2725
1788444640.493082	34	0.40	2707
1788444640.493099	35	0.40	2716
1788444640.493117	48	0.41	2735
1788444640.493134	49	0.40	2709
1788444640.493151	50	0.40	2709
1788444640.493168	51	0.41	2742
1788444640.493184	52	0.40	2723
1788444640.493202	53	0.40	2731
1788444640.493218	54	0.41	2752
1788444640.493236	55	0.40	2715
1788444640.493253	56	0.40	2704
1788444640.493271	57	0.41	2752
1788444640.493312	58	0.54	2994
1788444640.493333	59	0.50	2898
Time_Of_Day_Seconds	CPU	Busy%	Bzy_MHz
1788444641.494897	-	2.84	3755
1788444641.493471	151	0.41	2797
1788444641.493491	152	0.41	2778
1788444641.493513	153	0.41	2812
1788444641.494447	24	66.10	3920
1788444641.494468	25	0.41	2791
1788444641.494486	26	0.40	2745
1788444641.494510	27	0.47	2805
1788444641.494535	28	0.44	2758
1788444641.494554	29	0.41	2733
1788444641.494571	30	0.38	2612
1788444641.494590	31	0.40	2718
1788444641.494610	32	0.41	2717
1788444641.494630	33	0.42	2737
1788444641.494650	34	0.40	2708
1788444641.494667	35	0.40	2724
1788444641.494685	48	0.41	2733
1788444641.494703	49	0.41	2750
1788444641.494721	50	0.40	2730
1788444641.494739	51	0.41	2743
1788444641.494756	52	0.40	2722
1788444641.494773	53	0.40	2742
1788444641.494790	54	0.41	2771
1788444641.494814	55	0.44	2718
1788444641.494841	56	0.43	2710
1788444641.494863	57	0.41	2748
1788444641.494880	58	0.40	2719
1788444641.494897	59	0.42	2736
Time_Of_Day_Seconds	CPU	Busy%	Bzy_MHz
1788444642.496227	-	4.27	3789
1788444642.495678	151	0.38	2798
1788444642.495699	152	0.41	2778
1788444642.495722	153	0.37	2793
1788444642.495743	24	99.76	3895
1788444642.495761	25	0.41	2787
1788444642.495782	26	0.41	2751
1788444642.495805	27	0.45	2767
1788444642.495830	28	0.43	2774
1788444642.495851	29	0.40	2731
1788444642.495872	30	0.40	2610
1788444642.495892	31	0.40	2712
1788444642.495910	32	0.40	2703
1788444642.495929	33	0.41	2736
1788444642.495949	34	0.40	2710
1788444642.495966	35	0.40	2712
1788444642.495983	48	0.41	2733
1788444642.496000	49	0.43	2708
1788444642.496018	50	0.40	2709
1788444642.496036	51	0.41	2749
1788444642.496057	52	0.42	2719
1788444642.496083	53	2.86	3600
1788444642.496110	54	1.39	3683
1788444642.496140	55	1.43	3695
1788444642.496165	56	0.41	2717
1788444642.496186	57	0.41	2771
1788444642.496208	58	0.86	3432
1788444642.496227	59	0.49	2928
Time_Of_Day_Seconds	CPU	Busy%	Bzy_MHz
1788444643.496795	-	4.10	3784
1788444643.496337	151	0.41	2798
1788444643.496355	152	0.43	2855
1788444643.496373	153	0.41	2807
1788444643.496390	24	99.76	3895
1788444643.496408	25	0.45	2889
1788444643.496425	26	0.43	2828
1788444643.496448	27	0.44	2804
1788444643.496465	28	0.43	2775
1788444643.496483	29	0.43	2808
1788444643.496500	30	0.41	2709
1788444643.496519	31	0.41	2756
1788444643.496538	32	0.43	2754
1788444643.496555	33	0.43	2834
1788444643.496573	34	0.41	2702
1788444643.496590	35	0.44	2831
1788444643.496608	48	0.41	2733
1788444643.496626	49	0.41	2715
1788444643.496642	50	0.43	2802
1788444643.496660	51	0.44	2845
1788444643.496677	52	0.42	2727
1788444643.496694	53	0.40	2731
1788444643.496710	54	0.41	2752
1788444643.496728	55	0.40	2717
1788444643.496745	56	0.43	2794
1788444643.496762	57	0.44	2851
1788444643.496779	58	0.42	2717
1788444643.496795	59	0.42	2737
Time_Of_Day_Seconds	CPU	Busy%	Bzy_MHz
1788444644.498076	-	4.09	3784
1788444644.497638	151	0.41	2796
1788444644.497656	152	0.41	2777
1788444644.497673	153	0.40	2795
1788444644.497690	24	99.76	3895
1788444644.497706	25	0.41	2786
1788444644.497722	26	0.40	2725
1788444644.497739	27	0.41	2708
1788444644.497757	28	0.40	2717
1788444644.497776	29	0.40	2726
1788444644.497793	30	0.38	2602
1788444644.497808	31	0.40	2705
1788444644.497825	32	0.40	2697
1788444644.497841	33	0.40	2722
1788444644.497857	34	0.40	2705
1788444644.497874	35	0.40	2713
1788444644.497890	48	0.40	2733
1788444644.497907	49	0.40	2714
1788444644.497923	50	0.40	2710
1788444644.497940	51	0.41	2740
1788444644.497957	52	0.41	2718
1788444644.497973	53	0.40	2728
1788444644.497990	54	0.40	2751
1788444644.498006	55	0.40	2715
1788444644.498023	56	0.40	2700
1788444644.498041	57	0.40	2748
1788444644.498059	58	0.41	2708
1788444644.498076	59	0.48	2934
Time_Of_Day_Seconds	CPU	Busy%	Bzy_MHz
1788444645.498626	-	4.08	3784
1788444645.498190	151	0.41	2799
1788444645.498207	152	0.41	2777
1788444645.498224	153	0.40	2803
1788444645.498240	24	99.76	3895
1788444645.498256	25	0.41	2787
1788444645.498273	26	0.40	2725
1788444645.498290	27	0.40	2709
1788444645.498307	28	0.40	2716
1788444645.498323	29	0.40	2723
1788444645.498340	30	0.38	2602
1788444645.498357	31	0.40	2709
1788444645.498375	32	0.40	2697
1788444645.498390	33	0.40	2723
1788444645.498407	34	0.40	2703
1788444645.498423	35	0.40	2713
1788444645.498440	48	0.40	2733
1788444645.498456	49	0.45	2800
1788444645.498473	50	0.40	2709
1788444645.498490	51	0.41	2738
1788444645.498507	52	0.41	2713
1788444645.498524	53	0.40	2729
1788444645.498540	54	0.40	2751
1788444645.498556	55	0.40	2716
1788444645.498573	56	0.40	2701
1788444645.498591	57	0.40	2749
1788444645.498609	58	0.40	2710
1788444645.498626	59	0.41	2733
Time_Of_Day_Seconds	CPU	Busy%	Bzy_MHz
1788444646.499636	-	4.08	3784
1788444646.499213	151	0.40	2798
1788444646.499230	152	0.41	2778
1788444646.499247	153	0.40	2792
1788444646.499263	24	99.76	3895
1788444646.499279	25	0.41	2786
1788444646.499295	26	0.39	2724
1788444646.499312	27	0.40	2711
1788444646.499329	28	0.40	2717
1788444646.499339	29	0.40	2726
1788444646.499358	30	0.38	2601
1788444646.499375	31	0.39	2707
1788444646.499392	32	0.40	2697
1788444646.499408	33	0.40	2722
1788444646.499423	34	0.40	2705
1788444646.499440	35	0.40	2721
1788444646.499456	48	0.40	2734
1788444646.499472	49	0.40	2711
1788444646.499488	50	0.40	2710
1788444646.499504	51	0.41	2738
1788444646.499520	52	0.41	2713
1788444646.499536	53	0.40	2731
1788444646.499553	54	0.40	2750
1788444646.499569	55	0.40	2716
1788444646.499585	56	0.40	2702
1788444646.499602	57	0.40	2749
1788444646.499619	58	0.40	2709
1788444646.499636	59	0.46	2868
Time_Of_Day_Seconds	CPU	Busy%	Bzy_MHz
1788444647.500172	-	4.09	3784
1788444647.499740	151	0.41	2795
1788444647.499757	152	0.42	2819
1788444647.499775	153	0.41	2798
1788444647.499790	24	99.76	3895
1788444647.499806	25	0.43	2833
1788444647.499823	26	0.41	2769
1788444647.499839	27	0.42	2753
1788444647.499855	28	0.41	2721
1788444647.499871	29	0.42	2766
1788444647.499889	30	0.40	2647
1788444647.499905	31	0.41	2740
1788444647.499923	32	0.41	2725
1788444647.499939	33	0.41	2772
1788444647.499954	34	0.40	2708
1788444647.499971	35	0.40	2716
1788444647.499988	48	0.41	2737
1788444647.500006	49	0.43	2777
1788444647.500023	50	0.41	2762
1788444647.500039	51	0.43	2801
1788444647.500056	52	0.43	2759
1788444647.500072	53	0.40	2743
1788444647.500089	54	0.42	2804
1788444647.500105	55	0.41	2756
1788444647.500121	56	0.42	2749
1788444647.500138	57	0.42	2809
1788444647.500155	58	0.41	2736
1788444647.500172	59	0.42	2730
Time_Of_Day_Seconds	CPU	Busy%	Bzy_MHz
1788444648.501216	-	4.09	3783
1788444648.500786	151	0.41	2796
1788444648.500803	152	0.41	2776
1788444648.500820	153	0.41	2789
1788444648.500836	24	99.76	3895
1788444648.500853	25	0.41	2785
1788444648.500869	26	0.40	2724
1788444648.500886	27	0.40	2708
1788444648.500903	28	0.40	2716
1788444648.500919	29	0.40	2723
1788444648.500935	30	0.38	2600
1788444648.500951	31	0.39	2705
1788444648.500967	32	0.41	2695
1788444648.500983	33	0.40	2722
1788444648.501000	34	0.40	2705
1788444648.501016	35	0.40	2712
1788444648.501033	48	0.40	2733
1788444648.501050	49	0.42	2750
1788444648.501066	50	0.40	2709
1788444648.501083	51	0.41	2737
1788444648.501099	52	0.41	2711
1788444648.501116	53	0.40	2729
1788444648.501132	54	0.40	2750
1788444648.501148	55	0.40	2716
1788444648.501165	56	0.40	2702
1788444648.501182	57	0.40	2749
1788444648.501193	58	0.43	2710
1788444648.501216	59	0.46	2876
Time_Of_Day_Seconds	CPU	Busy%	Bzy_MHz
1788444649.501763	-	4.09	3784
1788444649.501322	151	0.41	2798
1788444649.501339	152	0.41	2779
1788444649.501356	153	0.41	2810
1788444649.501372	24	99.76	3895
1788444649.501389	25	0.41	2784
1788444649.501406	26	0.40	2724
1788444649.501422	27	0.40	2710
1788444649.501439	28	0.40	2716
1788444649.501455	29	0.40	2723
1788444649.501471	30	0.39	2615
1788444649.501492	31	0.40	2711
1788444649.501512	32	0.40	2696
1788444649.501528	33	0.40	2723
1788444649.501544	34	0.41	2723
1788444649.501562	35	0.40	2712
1788444649.501579	48	0.40	2734
1788444649.501596	49	0.40	2715
1788444649.501612	50	0.40	2729
1788444649.501630	51	0.41	2737
1788444649.501646	52	0.41	2726
1788444649.501662	53	0.40	2730
1788444649.501678	54	0.41	2780
1788444649.501695	55	0.40	2714
1788444649.501712	56	0.41	2727
1788444649.501729	57	0.40	2747
1788444649.501746	58	0.42	2718
1788444649.501763	59	0.41	2724
Time_Of_Day_Seconds	CPU	Busy%	Bzy_MHz
1788444650.418710	-	3.79	3774
1788444650.418189	151	0.40	2798
1788444650.418208	152	0.41	2779
1788444650.418227	153	0.40	2791
1788444650.418269	24	91.80	3894
1788444650.418288	25	0.41	2785
1788444650.418307	26	0.39	2725
1788444650.418324	27	0.40	2715
1788444650.418342	28	0.41	2716
1788444650.418360	29	0.40	2723
1788444650.418377	30	0.38	2597
1788444650.418395	31	0.40	2707
1788444650.418414	32	0.40	2697
1788444650.418454	33	0.40	2730
1788444650.418472	34	0.40	2704
1788444650.418490	35	0.40	2713
1788444650.418509	48	0.40	2733
1788444650.418528	49	0.48	2771
1788444650.418547	50	0.40	2709
1788444650.418565	51	0.41	2745
1788444650.418582	52	0.41	2714
1788444650.418600	53	0.40	2729
1788444650.418618	54	0.40	2750
1788444650.418636	55	0.40	2716
1788444650.418655	56	0.40	2702
1788444650.418673	57	0.40	2750
1788444650.418692	58	0.41	2708
1788444650.418710	59	0.48	2914
